0
1
2
3
4
7
9
10
11
14
15
16
18
19
20
22
23
24
25
26
27
28
29
31
34
36
38
40
42
43
44
45
46
47
49
50
51
52
53
55
56
58
59
60
61
62
63
64
65
66
67
69
70
72
73
74
75
77
79
80
81
83
84
86
89
90
91
92
93
95
96
99
101
102
103
104
106
107
111
113
115
116
118
119
122
123
126
127
128
130
131
133
135
139
140
141
143
144
146
147
148
149
152
153
154
156
157
160
161
164
166
169
172
174
176
179
183
184
185
186
187
188
190
191
193
195
198
202
204
205
206
210
211
212
213
214
215
218
219
221
223
225
229
231
233
234
235
238
239
240
247
248
250
253
254
255
258
260
262
264
266
268
273
274
275
276
281
282
286
287
290
291
292
293
294
297
298
300
302
304
305
306
307
308
309
310
311
312
313
314
315
317
319
322
323
324
325
326
327
328
330
331
332
334
335
336
338
343
344
345
347
348
350
351
352
353
354
355
356
357
359
360
361
362
363
364
365
367
368
369
370
372
374
377
380
382
383
384
385
387
388
390
392
393
394
397
398
400
403
404
405
406
412
416
417
418
419
420
421
423
426
427
428
429
430
431
433
435
436
437
439
440
441
442
443
444
447
451
452
453
454
455
456
457
458
460
461
464
465
468
470
471
472
473
474
475
477
478
479
481
482
484
485
486
487
488
489
492
493
494
495
497
498
500
502
503
506
507
509
512
513
514
515
516
517
519
522
523
524
526
527
528
529
530
531
533
534
535
536
537
538
539
540
542
543
544
545
546
547
548
551
552
553
554
555
557
559
560
561
562
563
565
566
567
568
569
570
572
573
578
579
580
581
583
584
585
587
588
590
591
592
593
595
596
598
600
602
603
604
605
606
607
608
610
611
612
613
616
617
618
623
624
626
627
630
631
634
637
638
639
640
644
647
648
650
654
655
657
659
660
661
662
665
666
667
669
671
673
676
677
679
682
683
686
687
688
689
691
692
693
694
695
696
697
698
699
700
701
702
703
706
708
709
715
717
718
719
720
721
722
725
726
727
728
730
731
732
734
735
738
740
741
743
744
747
748
749
751
752
753
754
