5
6
8
12
13
17
21
30
32
33
35
37
39
41
48
54
57
68
71
76
78
82
85
87
88
94
97
98
100
105
108
109
110
112
114
117
120
121
124
125
129
132
134
136
137
138
142
145
150
151
155
158
159
162
163
165
167
168
170
171
173
175
177
178
180
181
182
189
192
194
196
197
199
200
201
203
207
208
209
216
217
220
222
224
226
227
228
230
232
236
237
241
242
243
244
245
246
249
251
252
256
257
259
261
263
265
267
269
270
271
272
277
278
279
280
283
284
285
288
289
295
296
299
301
303
316
318
320
321
329
333
337
339
340
341
342
346
349
358
366
371
373
375
376
378
379
381
386
389
391
395
396
399
401
402
407
408
409
410
411
413
414
415
422
424
425
432
434
438
445
446
448
449
450
459
462
463
466
467
469
476
480
483
490
491
496
499
501
504
505
508
510
511
518
520
521
525
532
541
549
550
556
558
564
571
574
575
576
577
582
586
589
594
597
599
601
609
614
615
619
620
621
622
625
628
629
632
633
635
636
641
642
643
645
646
649
651
652
653
656
658
663
664
668
670
672
674
675
678
680
681
684
685
690
704
705
707
710
711
712
713
714
716
723
724
729
733
736
737
739
742
745
746
750
