8.005049824714660645e-02
3.557619365798955074e-02
3.020633779354949325e-02
2.766324886031127153e-02
2.603055200448951834e-02
2.487054389498071991e-02
2.398975628634260684e-02
1.942860335111618042e-02
1.881344476253679621e-02
1.856533925405782354e-02
1.836216534515749954e-02
1.827113629966751335e-02
1.814583935654032545e-02
1.803207507019183656e-02
1.626775600016117096e-02
1.692467056546765811e-02
1.687970091658297020e-02
1.682587037871644334e-02
1.675826310182450263e-02
1.669366808678813402e-02
1.660548093203399397e-02
1.610657386481761932e-02
1.588959105792317125e-02
1.579619271319303991e-02
1.579262129034215978e-02
1.574314470656048778e-02
1.571432554614757976e-02
1.570600002985478652e-02
1.464750338345766068e-02
1.500092572209858581e-02
1.505631621723151244e-02
1.501564552815649531e-02
1.500510053472254267e-02
1.500767116024049296e-02
1.499516968018748710e-02
1.451907306909561157e-02
1.429475191980600357e-02
1.428131875929547837e-02
1.429671255494173975e-02
1.428846365300720164e-02
1.427879628210427035e-02
1.426947437778437570e-02
1.335785910487174988e-02
1.348984956114303996e-02
1.353583893557982684e-02
1.355753928435304151e-02
1.352626952270691470e-02
1.353561012501904547e-02
1.354922950360768971e-02
1.284770574420690536e-02
1.284156766452706697e-02
1.279471830386130944e-02
1.279516685815942564e-02
1.280080971593719995e-02
1.281366999746261226e-02
1.283103185930535746e-02
1.139678899198770523e-02
1.211253469717679665e-02
1.214437810843115376e-02
1.213119594237931087e-02
1.216739047077156945e-02
1.220817344371013732e-02
1.221244000735229387e-02
1.277818996459245682e-02
1.165708476253370270e-02
1.162525453136779852e-02
1.164810744692815897e-02
1.165514577765417240e-02
1.167231058133041087e-02
1.168001595320499256e-02
1.080928090959787369e-02
1.116034956556735680e-02
1.122855244955020190e-02
1.119958022702175968e-02
1.120092818964077593e-02
1.120520564179101550e-02
1.121359567983872506e-02
1.043734047561883926e-02
1.076245189893363687e-02
1.078780555625015285e-02
1.079099058201443695e-02
1.079921802956415773e-02
1.081455844322483373e-02
1.082317671969458550e-02
1.062702666968107224e-02
1.046586740245618492e-02
1.045545097903825826e-02
1.042989695574655061e-02
1.043864131726305981e-02
1.046470226255243573e-02
1.048815814304024548e-02
1.007383037358522415e-02
1.008673327615355539e-02
1.011113026434212747e-02
1.013001296483599135e-02
1.013715843904642623e-02
1.015303920984208727e-02
1.017279218659176802e-02
1.039019040763378143e-02
9.864253619003414408e-03
9.876216446693560774e-03
9.868300603424196016e-03
9.865976735354956006e-03
9.876816111529421183e-03
9.895266376175420459e-03
9.783830493688583374e-03
9.635788849601060677e-03
9.580156992917037914e-03
9.574625610166609749e-03
9.587629124559368318e-03
9.611673413324141671e-03
9.636559086648774364e-03
9.600782766938209534e-03
9.369698694289321436e-03
9.403806712608136359e-03
9.406253027163470962e-03
9.398386188947649086e-03
9.409717639198084821e-03
9.416002789496780156e-03
8.951325900852680206e-03
9.168127809863278743e-03
9.178419574279689935e-03
9.157743577248234762e-03
9.192014675113624814e-03
9.202717468811722965e-03
9.212443541530860799e-03
8.609415031969547272e-03
9.003630479668626313e-03
8.994266631739649201e-03
8.988045613928094188e-03
9.006293098026528152e-03
9.015365312258877620e-03
9.013958346600738428e-03
9.075804613530635834e-03
8.794169162980990800e-03
8.838604653800898742e-03
8.848560352088802664e-03
8.836147644814856816e-03
8.824413632992618092e-03
8.841070779653485354e-03
8.485423400998115540e-03
8.648407871438430414e-03
8.644100387501924693e-03
8.655744535149232158e-03
8.671653372214694483e-03
8.673719403718759685e-03
8.686236787692779016e-03
9.546943008899688721e-03
8.520808425907156272e-03
8.516697488743719263e-03
8.517636516846196354e-03
8.510204517466023535e-03
8.520398259222388554e-03
8.534512688683194848e-03
7.798156235367059708e-03
8.346047879445671336e-03
8.360507441638269019e-03
8.391554196646739544e-03
8.393236139831028800e-03
8.380401420393984377e-03
8.391393836705438036e-03
8.333028294146060944e-03
8.225910250318817230e-03
8.273087302917864552e-03
8.279828907012246053e-03
8.284898086954976815e-03
8.285219143488687862e-03
8.284353187769502580e-03
7.962975651025772095e-03
8.070389956862914285e-03
8.090276479609866123e-03
8.118809004348278083e-03
8.131508466943243585e-03
8.131053832223910510e-03
8.145335523997388957e-03
8.131258189678192139e-03
8.033696907839857002e-03
8.018962719213606344e-03
8.025222501262675723e-03
8.037677053315681747e-03
8.037924557411205845e-03
8.047374875785259785e-03
7.961565628647804260e-03
7.856333098088455827e-03
7.916780881379819820e-03
7.902453839160081955e-03
7.921610666239201765e-03
7.928809816549399481e-03
7.941776097824985309e-03
7.709197234362363815e-03
7.798919196028520316e-03
7.790109800610376528e-03
7.825297564948813581e-03
7.830339406113002998e-03
7.837713050085329605e-03
7.845049834780754711e-03
8.359375409781932831e-03
7.719623717931237139e-03
7.728875385347141851e-03
7.742922363239665082e-03
7.739486547879075723e-03
7.751224324583055880e-03
7.754768048120219172e-03
7.943754084408283234e-03
7.685408365018297182e-03
7.690834052934872322e-03
7.687237542246366274e-03
7.682179024168975766e-03
7.684617514300072505e-03
7.675207670182981022e-03
7.552506402134895325e-03
7.552112738537316086e-03
7.546503099135647152e-03
7.573145338058768355e-03
7.587267207841102805e-03
7.589610226586193491e-03
7.590647187152142587e-03
7.277599535882472992e-03
7.463925476600923384e-03
7.504850141796751833e-03
7.511739376189799713e-03
7.522732388701968038e-03
7.525256999439286672e-03
7.522723818826992578e-03
7.187577895820140839e-03
7.466643513871891458e-03
7.439093332997157547e-03
7.432672515375372997e-03
7.431670923501327089e-03
7.449707367686097571e-03
7.450959727341640963e-03
7.352745160460472107e-03
7.353032879199426601e-03
7.336983392339440496e-03
7.346593335493656514e-03
7.366104324364528347e-03
7.379110429450839830e-03
7.382770371894520692e-03
8.136372081935405731e-03
7.320951375335750348e-03
7.333921602190430523e-03
7.320146266668044882e-03
7.313135723372052484e-03
7.317049389783137139e-03
7.319204995064638487e-03
7.498790509998798370e-03
7.195682380127139954e-03
7.233618207238799724e-03
7.238554232985870522e-03
7.258970577251212981e-03
7.262943215861530043e-03
7.273942272422118972e-03
7.373566273599863052e-03
7.272856720345150135e-03
7.234086060145897626e-03
7.224480468359005363e-03
7.225670033085747693e-03
7.228018950202507939e-03
7.226472406705435232e-03
7.074515800923109055e-03
7.062832755728228051e-03
7.105344197532134295e-03
7.134631785109292468e-03
7.143196625463163127e-03
7.163088404370876808e-03
7.175170038571075833e-03
6.971817929297685623e-03
7.122480245952559144e-03
7.119761135855421155e-03
7.107954586784903314e-03
7.102565841047915260e-03
7.108736040624613096e-03
7.114210879637824538e-03
7.518195547163486481e-03
7.084833651707314432e-03
7.072150040028700110e-03
7.051314736261617144e-03
7.075498123279310748e-03
7.076217860779065311e-03
7.076081146521744948e-03
7.125347852706909180e-03
7.047298299794150025e-03
7.053287155388747974e-03
7.056138606624448584e-03
7.046549149006233609e-03
7.048092994415117683e-03
7.049198048545695684e-03
7.094291038811206818e-03
6.899596367141987846e-03
6.955372774278495082e-03
6.973256514813020931e-03
6.982041219774253078e-03
6.996982043121983963e-03
7.003471961155062486e-03
7.330752443522214890e-03
6.951083143306250808e-03
6.945966427858493025e-03
6.934747944564320643e-03
6.938832360284955328e-03
6.942722008576590956e-03
6.960204373208337715e-03
7.143970578908920288e-03
6.936310855026292174e-03
6.944469936117900200e-03
6.922203881907403912e-03
6.927123031999330577e-03
6.924848609460803814e-03
6.934864833926202184e-03
7.455384824424982071e-03
6.892246281783474468e-03
6.901200439095200867e-03
6.897655782905527666e-03
6.904404324727908895e-03
6.898574932606634479e-03
6.894635413145761178e-03
6.674082018435001373e-03
6.870816115953839488e-03
6.846650260319905520e-03
6.855724333008856274e-03
6.862793153760364528e-03
6.863321258524756642e-03
6.866187877649326636e-03
6.454931572079658508e-03
6.811790693883258870e-03
6.845441002825006574e-03
6.846670259371944074e-03
6.837302061759325915e-03
6.841626941243152821e-03
6.840714863261297858e-03
6.888580042868852615e-03
6.794959680168050076e-03
6.808269991358714343e-03
6.804184726690038452e-03
6.813870428218286000e-03
6.809839195276270671e-03
6.813332338518341032e-03
6.847482640296220779e-03
6.837747179635680385e-03
6.813318125755336331e-03
6.800320078355826491e-03
6.785622095350092239e-03
6.783840716807190176e-03
6.787332056861947530e-03
6.994444411247968674e-03
6.731076770010266386e-03
6.770114266123641172e-03
6.789204901226632456e-03
6.771448870744565217e-03
6.764436664873967921e-03
6.770595595141416963e-03
6.288228090852499008e-03
6.688997873317192346e-03
6.718765411396228522e-03
6.704155610954741495e-03
6.720441608385478022e-03
6.728497548530737275e-03
6.733698007990040688e-03
7.398702204227447510e-03
6.721883661823697953e-03
6.713027794803701036e-03
6.712624441176356233e-03
6.720087486330856251e-03
6.722788970560548971e-03
6.717701140363482523e-03
6.586066447198390961e-03
6.668426737299944923e-03
6.670800957421016766e-03
6.665129742068408997e-03
6.683215720723023091e-03
6.693415427413171997e-03
6.694765676265449113e-03
6.870638579130172729e-03
6.627460890956739757e-03
6.645113364121510956e-03
6.661630879184138668e-03
6.675005474701486800e-03
6.674417987941744235e-03
6.678229596887323358e-03
6.658768747001886368e-03
6.625203844528681878e-03
6.635593211009579127e-03
6.643908918275191582e-03
6.653928289659079634e-03
6.669062403534462696e-03
6.658213047276618016e-03
6.377626210451126099e-03
6.576563729581856414e-03
6.599545881930572039e-03
6.607785635315302671e-03
6.623502653510196340e-03
6.630539239761596391e-03
6.637061667162149833e-03
6.288435775786638260e-03
6.615017909593511568e-03
6.629791460579159343e-03
6.601286151653706566e-03
6.614471797336663947e-03
6.625739685603660931e-03
6.621082518683644134e-03
6.650186143815517426e-03
6.609417590321881031e-03
6.760953413554240433e-03
6.754370359858602978e-03
6.741974330936881601e-03
6.744560345955297534e-03
6.729775280405003376e-03
6.441134028136730194e-03
6.574159958353727531e-03
6.606410102297862082e-03
6.591639475296700267e-03
6.604260799853581623e-03
6.607883082825445446e-03
6.604596781862059375e-03
6.758887786418199539e-03
6.549940472192103749e-03
6.554894899921630616e-03
6.557545264211307040e-03
6.565571781201403993e-03
6.565697888049953565e-03
6.561408085925210000e-03
6.923843175172805786e-03
6.561647201565527603e-03
6.541636158522236982e-03
6.550108138286196528e-03
6.548625961679993210e-03
6.543113492213621131e-03
6.542297382335396719e-03
7.007086649537086487e-03
6.574170424206422433e-03
6.565212415744416281e-03
6.550317964334028374e-03
6.545945545635244514e-03
6.541289438395026488e-03
6.542262831197651583e-03
6.054297555238008499e-03
6.493469797037910475e-03
6.517587544683792894e-03
6.514183754577886065e-03
6.527243683723142620e-03
6.535751385402357831e-03
6.537718663515892058e-03
6.670497823506593704e-03
6.541299071199823366e-03
6.533034569792338375e-03
6.519750184518752212e-03
6.522971236767094450e-03
6.524837785911655544e-03
6.529706458990367987e-03
6.736811250448226929e-03
6.517948771799259890e-03
6.484719176327262587e-03
6.482931854902608711e-03
6.501216557517907474e-03
6.502929955958844377e-03
6.515949933530883718e-03
6.898910272866487503e-03
6.534711208821522913e-03
6.523983560002117287e-03
6.500134584911637647e-03
6.502306152673953572e-03
6.492814696031416061e-03
6.503026754271468493e-03
6.249317433685064316e-03
6.513842372315945158e-03
6.501869884648577881e-03
6.502246142262932925e-03
6.499787515024666069e-03
6.495586353839335678e-03
6.491596433186838482e-03
6.598612293601036072e-03
6.447399712840814513e-03
6.465839377293984384e-03
6.474135609102308307e-03
6.487172861070258749e-03
6.488159740392022284e-03
6.485496893270985275e-03
6.441222503781318665e-03
6.445813172561402557e-03
6.473963264728066838e-03
6.459122316361067852e-03
6.489490733674710930e-03
6.479602629605107737e-03
6.477477975784740917e-03
6.830508820712566376e-03
6.491999985594855763e-03
6.482987602088433748e-03
6.475078200370667537e-03
6.470076202129262065e-03
6.476115642632255739e-03
6.480007197633509686e-03
6.453109439462423325e-03
6.424264378366198458e-03
6.429544221424493035e-03
6.434796166070969048e-03
6.438198828015318648e-03
6.444735830824472635e-03
6.453322921530924537e-03
6.536420900374650955e-03
6.449196824232245745e-03
6.442316997777763204e-03
6.440987275214092415e-03
6.447180468087407648e-03
6.437300579871484130e-03
6.439119882683289400e-03
6.087161134928464890e-03
6.511116372698013896e-03
6.449942690185943295e-03
6.450679634335726269e-03
6.440882618652837496e-03
6.435670893631890814e-03
6.435260560964784111e-03
6.430603563785552979e-03
6.439842740166010389e-03
6.408834160393595512e-03
6.440576235531671363e-03
6.429267329560997210e-03
6.429517149977281507e-03
6.433075517044091474e-03
6.796813104301691055e-03
6.394195882142475473e-03
6.415342219377779924e-03
6.416766673784417979e-03
6.429482627650745866e-03
6.414360987643401117e-03
6.417696010910235033e-03
6.337483413517475128e-03
6.336359560747842866e-03
6.379063324585779182e-03
6.405725696145794790e-03
6.407504825808684086e-03
6.409259064089573542e-03
6.412109669248346015e-03
6.892424542456865311e-03
6.410530657682678504e-03
6.402161956963995856e-03
6.418384675035544024e-03
6.409708081867703661e-03
6.405673130134682293e-03
6.407344524753272666e-03
6.408893968909978867e-03
6.428809333961493615e-03
6.419171852555440733e-03
6.409076597863356574e-03
6.396389034509361235e-03
6.401806075252339419e-03
6.402082069499570073e-03
6.292854901403188705e-03
6.384455280765743805e-03
6.388384007862699630e-03
6.387004308538678059e-03
6.391427209113080890e-03
6.390917707911270701e-03
6.396559614861715808e-03
6.411493755877017975e-03
6.407820997704373814e-03
6.393459069528686402e-03
6.385468842269871083e-03
6.388189430183677589e-03
6.387244956474936834e-03
6.384013712672693443e-03
6.915619131177663803e-03
6.376973500862570358e-03
6.382730752415028373e-03
6.396955129786384940e-03
6.383450747121524951e-03
6.374685553844995634e-03
6.378048572986821929e-03
5.752520635724067688e-03
6.349450613528785474e-03
6.374166284534913546e-03
6.361458758418246998e-03
6.369754481605460414e-03
6.371280969401259785e-03
6.365738881940949216e-03
6.074204575270414352e-03
6.319907231090387753e-03
6.341456340635149083e-03
6.353207048573268276e-03
6.348810242279955517e-03
6.360074639982151758e-03
6.356487694520273832e-03
6.095634307712316513e-03
6.362851072877350085e-03
6.364857367893207891e-03
6.363822569594133893e-03
6.347741410275572690e-03
6.355117705321597539e-03
6.357784702995801333e-03
6.702282931655645370e-03
6.329183120944417186e-03
6.336000240616389279e-03
6.346096495085974676e-03
6.340930889827429452e-03
6.352177932635395645e-03
6.356765713679066697e-03
6.416770629584789276e-03
6.372481312528990686e-03
6.350916673647082414e-03
6.345993269890843475e-03
6.355502894682405271e-03
6.345587765831433615e-03
6.348083457427592356e-03
6.168883293867111206e-03
6.343110423018731917e-03
6.327051583640462551e-03
6.322501648056547130e-03
6.330094458140488739e-03
6.340678763611171456e-03
6.344608417069058821e-03
6.224977783858776093e-03
6.330378330543194598e-03
6.363757397164011148e-03
6.349172859307242699e-03
6.332650822482798446e-03
6.338826065581894612e-03
6.341280917731576851e-03
6.464628037065267563e-03
6.344866445564692134e-03
6.346161359114877928e-03
6.331309699376060779e-03
6.323054481641461784e-03
6.323739599079607199e-03
6.331392371726412595e-03
6.249758414924144745e-03
6.307627065199436674e-03
6.300542505912075375e-03
6.317696879088779451e-03
6.318693671682083443e-03
6.328643786678175842e-03
6.323183269957437062e-03
6.619513500481843948e-03
6.297066282148998211e-03
6.357745886015802976e-03
6.351342205069587452e-03
6.339350514383313394e-03
6.335571036486330361e-03
6.319480319778603486e-03
6.655927747488021851e-03
6.344711297366878791e-03
6.349640469812783440e-03
6.350173020852958872e-03
6.335585131925389364e-03
6.324511670141281551e-03
6.315835390531283206e-03
6.529436446726322174e-03
6.314777183613859944e-03
6.342745812341051524e-03
6.322428062743819417e-03
6.309755003669687175e-03
6.309564206786378963e-03
6.313157683941915052e-03
6.527632009238004684e-03
6.301136064979404386e-03
6.289101544007733025e-03
6.301574150651099125e-03
6.308678019689651674e-03
6.310134718079350551e-03
6.302379553644808265e-03
6.292194128036499023e-03
6.307194014033764076e-03
6.313861834246720789e-03
6.304134019152369227e-03
6.301257168256359578e-03
6.303468939407678821e-03
6.307272665115839193e-03
6.713359151035547256e-03
6.269154613745389452e-03
6.289203134620219640e-03
6.299298640303437925e-03
6.295073732148456433e-03
6.299174451148379338e-03
6.295116275809271161e-03
5.986582022160291672e-03
6.326543466916473811e-03
6.295502141803799301e-03
6.292283137412463430e-03
6.280552090710015030e-03
6.284960748222536038e-03
6.292715959232331527e-03
6.423551589250564575e-03
6.247792660378583690e-03
6.280365279546721267e-03
6.276877849143110144e-03
6.273534776006553168e-03
6.286494612336872290e-03
6.286843573696253989e-03
6.576196756213903427e-03
6.227389360676602141e-03
6.268890748328682060e-03
6.288282112202969211e-03
6.287928911023529105e-03
6.288930197467584686e-03
6.287510600560863687e-03
6.288319360464811325e-03
6.246793023909967373e-03
6.262209278007793353e-03
6.259507134532017562e-03
6.265573102534931910e-03
6.276685209152941224e-03
6.275850028952524758e-03
